uId,score
String,int
121,0
129,0
130,12
131,30
398,0
133,24
399,0
400,71
136,60
137,66
138,0
139,82
401,38
145,41
146,48
148,28
402,4
403,75
20,74
31,37
69,30
110,37
191,0
192,83
195,45
220,77
239,85
261,0
404,73
405,87
406,66
407,80
408,0
410,78
411,68
412,67
413,67
414,93
415,92
416,87
417,68
418,80
419,15
420,96
421,84
422,61
423,81
424,88
425,70
426,47
427,21
428,42
429,44
430,60
431,60
432,75
433,61
434,82
435,74
436,60
437,86
438,78
439,82
440,78
441,63
442,85
443,77
444,89
445,78
446,79
447,65
448,67
449,70
450,86
451,61
452,18
453,60
454,78
455,93
456,34
457,69
458,93
459,71
460,95
461,95
462,87
463,73
464,66
465,61
466,86
467,91
468,75
469,32
470,93
471,63
472,87
473,70
474,76
475,96
476,85
477,88
478,94
479,78
480,62
481,61
482,66
483,60
484,64
485,64
486,80
487,76
488,90
489,71
490,69
491,75
492,60
493,0
494,74
495,65
496,60
497,74
498,95
499,65
500,37
501,73
502,69
503,64
504,62
505,86
506,73
507,77
508,91
509,93
510,0
511,62
512,90
513,60
514,81
515,86
516,61
123,0
517,78
518,4
150,61
155,79
519,82
45,16
60,85
77,0
93,7
120,37
172,61
178,4
200,64
226,70
232,0
520,72
521,79
522,4
523,72
524,67
525,91
526,84
527,60
528,74
529,75
530,62
531,64
532,86
533,83
534,70
535,71
536,68
537,72
538,87
539,76
540,13
541,82
542,72
543,77
544,47
545,77
546,72
547,62
548,67
549,94
550,81
551,78
552,77
553,66
554,67
555,63
556,87
557,88
558,79
559,77
560,81
561,61
562,61
563,75
564,71
565,27
566,38
567,79
568,60
569,88
570,75
571,24
572,67
573,66
574,62
575,66
576,92
577,72
578,89
579,74
580,68
581,88
582,91
583,77
584,81
585,70
586,84
587,66
588,64
589,66
590,36
591,77
592,86
593,87
594,71
595,77
596,30
597,91
598,44
599,69
600,61
601,77
602,23
603,76
604,88
605,90
606,84
607,48
608,40
609,66
610,61
611,89
612,70
613,68
614,88
615,66
616,71
617,78
618,75
619,78
620,79
621,63
622,70
623,64
636,61
625,70
626,72
628,79
629,60
630,47
631,64
632,99
633,61
634,30
635,84
